[[[76], 33],
 [[72], 33],
 [[76], 33],
 [[72], 33],
 [[76], 33],
 [[72], 33],
 [[76], 33],
 [[72], 33],
 [[76], 33],
 [[72], 33],
 [[76], 33],
 [[72], 33],
 [[76, 57], 49],
 [[72], 49],
 [[76], 49],
 [[72], 49],
 [[76], 49],
 [[72], 49],
 [[76, 59], 49],
 [[74], 49],
 [[76], 49],
 [[74], 49],
 [[76], 49],
 [[74], 49],
 [[76, 57], 49],
 [[74], 49],
 [[76, 59], 49],
 [[74], 49],
 [[76, 60], 49],
 [[74], 49],
 [[76, 59], 49],
 [[72], 49],
 [[76, 57], 49],
 [[74], 49],
 [[76, 59], 49],
 [[74], 49],
 [[76, 60], 49],
 [[74], 49],
 [[76], 49],
 [[74], 49],
 [[76], 49],
 [[74], 49],
 [[76, 59], 49],
 [[74], 49],
 [[76], 49],
 [[74], 49],
 [[76], 49],
 [[74], 49],
 [[76], 49],
 [[74], 49],
 [[76], 49],
 [[74], 49],
 [[76], 49],
 [[74], 49],
 [[69, 53, 60], 64],
 [[76], 64],
 [[69], 64],
 [[76], 64],
 [[71, 50, 55], 64],
 [[76], 64],
 [[71], 64],
 [[76], 64],
 [[72, 52, 57], 64],
 [[76], 64],
 [[72], 64],
 [[76], 64],
 [[74, 50, 55], 64],
 [[76], 64],
 [[74], 64],
 [[76], 64],
 [[71], 64],
 [[69, 57], 64]
]
 